0
0
0
0
0
0
0
0
0
0
0
0
0
0
0
0
0
0
0
0
0
0
0
0
0
0
0
0
0
0
0
0
0
0
0
0
0
0
0
0
0
0
0
0
0
0
0
0
0
0
0
0
0
0
0
0
0
0
0
0
0
0
0
0
0
0
1500
1505
1508
1508
1506
1503
1500
1500
1501
1501
1499
1497
1495
1495
1497
1501
1505
1511
1516
1520
1522
1517
1508
1494
1481
1471
1464
1462
1464
1467
1472
1477
1481
1481
1480
1476
1474
1473
1475
1479
1481
1483
1484
1484
1484
1486
1488
1490
1490
1488
1483
1478
1474
1473
1476
1483
1492
1503
1513
1519
1518
1511
1499
1486
1475
1469
1467
1469
1471
1472
1473
1473
1475
1477
1478
1478
1475
1471
1468
1468
1468
1469
1471
1471
1470
1470
1472
1475
1481
1485
1487
1486
1483
1481
1484
1490
1500
1509
1515
1514
1504
1491
1476
1463
1455
1451
1451
1452
1456
1460
1463
1464
1464
1463
1460
1460
1461
1464
1468
1470
1470
1468
1468
1472
1478
1486
1492
1491
1486
1478
1472
1471
1476
1486
1497
1505
1507
1502
1490
1475
1458
1444
1434
1431
1432
1438
1445
1453
1457
1459
1458
1455
1454
1455
1458
1460
1460
1459
1457
1456
1458
1461
1464
1466
1467
1465
1462
1458
1454
1454
1462
1477
1498
1516
1526
1520
1502
1476
1450
1430
1418
1415
1417
1425
1437
1450
1463
1472
1474
1469
1462
1455
1451
1451
1453
1454
1454
1455
1458
1464
1469
1470
1467
1458
1451
1449
1455
1467
1481
1491
1496
1495
1489
1480
1469
1457
1441
1428
1420
1419
1426
1440
1454
1464
1465
1458
1444
1431
1424
1426
1433
1442
1448
1447
1441
1434
1431
1433
1439
1447
1452
1456
1460
1470
1486
1507
1527
1538
1535
1519
1492
1463
1435
1413
1400
1395
1398
1407
1419
1430
1437
1438
1436
1433
1431
1433
1436
1438
1439
1440
1441
1443
1446
1448
1448
1447
1445
1446
1448
1456
1470
1491
1519
1549
1574
1584
1575
1547
1503
1454
1409
1374
1353
1345
1348
1359
1374
1388
1400
1405
1407
1407
1407
1410
1416
1424
1432
1441
1448
1450
1447
1440
1434
1432
1436
1444
1452
1455
1452
1446
1440
1442
1456
1481
1514
1548
1578
1598
1604
1594
1566
1522
1467
1408
1358
1324
1307
1304
1311
1320
1330
1340
1353
1367
1379
1387
1391
1394
1400
1410
1422
1432
1436
1437
1437
1439
1446
1451
1453
1451
1448
1446
1445
1446
1447
1450
1459
1481
1515
1555
1594
1618
1621
1600
1560
1507
1452
1402
1361
1330
1310
1298
1291
1292
1299
1311
1328
1346
1364
1377
1386
1393
1399
1403
1405
1407
1407
1408
1411
1419
1429
1440
1450
1457
1458
1457
1454
1450
1449
1453
1467
1489
1518
1547
1565
1568
1553
1522
1482
1435
1388
1346
1315
1300
1302
1318
1340
1358
1366
1364
1358
1354
1356
1367
1384
1400
1413
1420
1421
1419
1420
1425
1434
1444
1450
1450
1444
1439
1442
1456
1482
1514
1544
1565
1573
1570
1555
1528
1489
1437
1382
1329
1292
1275
1280
1299
1321
1335
1341
1339
1335
1335
1342
1354
1369
1383
1395
1404
1412
1419
1426
1431
1437
1442
1446
1447
1443
1434
1424
1422
1436
1471
1521
1576
1617
1632
1617
1577
1522
1465
1414
1373
1340
1316
1299
1290
1289
1295
1305
1312
1315
1313
1308
1306
1311
1323
1342
1362
1383
1399
1412
1420
1426
1429
1430
1428
1423
1415
1408
1406
1416
1439
1476
1522
1567
1602
1621
1620
1600
1567
1523
1470
1414
1360
1314
1286
1276
1281
1294
1305
1312
1314
1313
1316
1319
1322
1323
1323
1324
1330
1346
1367
1390
1410
1421
1426
1426
1426
1429
1432
1432
1427
1420
1420
1436
1472
1523
1577
1617
1632
1617
1580
1531
1479
1430
1387
1351
1323
1305
1299
1301
1308
1316
1321
1322
1323
1323
1324
1326
1329
1336
1347
1362
1381
1397
1406
1407
1404
1402
1404
1411
1419
1425
1431
1441
1461
1491
1529
1564
1587
1593
1579
1550
1508
1462
1416
1373
1338
1312
1297
1292
1298
1308
1317
1322
1322
1316
1309
1307
1310
1317
1327
1338
1348
1359
1369
1382
1394
1402
1405
1402
1400
1404
1425
1464
1516
1568
1609
1630
1627
1610
1584
1554
1518
1475
1423
1368
1321
1289
1276
1276
1281
1282
1277
1270
1263
1261
1261
1264
1267
1271
1274
1280
1286
1295
1308
1326
1347
1367
1383
1392
1399
1414
1445
1493
1552
1608
1648
1663
1657
1633
1600
1559
1513
1460
1406
1356
1317
1288
1271
1257
1244
1234
1228
1228
1234
1239
1243
1246
1250
1259
1273
1290
1304
1312
1318
1326
1338
1353
1365
1369
1365
1359
1364
1390
1438
1505
1575
1638
1680
1700
1696
1668
1620
1558
1488
1422
1367
1324
1292
1269
1250
1235
1228
1227
1234
1244
1255
1263
1268
1269
1270
1272
1276
1284
1296
1311
1327
1340
1349
1351
1348
1345
1347
1354
1366
1387
1417
1458
1511
1568
1619
1649
1652
1627
1580
1524
1467
1414
1369
1332
1305
1289
1282
1282
1284
1282
1279
1275
1274
1275
1278
1280
1280
1279
1281
1288
1301
1317
1332
1341
1343
1342
1343
1353
1380
1424
1479
1534
1577
1602
1605
1588
1553
1505
1448
1391
1342
1309
1292
1288
1291
1293
1294
1293
1293
1293
1292
1291
1287
1283
1281
1283
1289
1298
1307
1314
1319
1321
1324
1331
1345
1372
1414
1468
1527
1581
1617
1625
1605
1562
1508
1454
1408
1372
1344
1322
1304
1290
1280
1275
1274
1275
1275
1275
1275
1275
1277
1279
1281
1282
1281
1282
1286
1291
1297
1302
1308
1321
1347
1388
1440
1491
1530
1548
1546
1526
1496
1461
1426
1392
1362
1338
1323
1316
1317
1318
1318
1313
1304
1294
1285
1281
1280
1281
1286
1293
1303
1312
1319
1321
1318
1315
1313
1315
1321
1330
1343
1362
1388
1422
1458
1487
1502
1499
1482
1456
1428
1403
1381
1361
1343
1329
1318
1314
1315
1317
1318
1317
1313
1307
1304
1303
1302
1303
1304
1305
1309
1313
1319
1324
1327
1328
1329
1332
1334
1335
1336
1337
1343
1358
1384
1419
1452
1478
1488
1482
1464
1442
1419
1397
1376
1354
1332
1314
1303
1304
1312
1325
1334
1334
1326
1314
1305
1300
1299
1299
1298
1295
1294
1297
1306
1317
1325
1327
1322
1318
1322
1341
1373
1411
1445
1465
1468
1457
1436
1413
1390
1370
1352
1335
1321
1311
1306
1304
1306
1309
1314
1317
1318
1316
1311
1304
1301
1302
1305
1307
1306
1303
1302
1304
1311
1319
1324
1326
1327
1335
1356
1392
1437
1481
1511
1519
1506
1477
1442
1408
1378
1354
1333
1315
1300
1290
1286
1284
1283
1280
1275
1269
1265
1264
1267
1270
1275
1280
1286
1291
1293
1294
1295
1296
1300
1304
1308
1310
1309
1312
1323
1346
1380
1419
1454
1474
1478
1464
1439
1409
1380
1355
1335
1321
1313
1311
1313
1317
1319
1318
1314
1310
1305
1300
1293
1282
1272
1265
1266
1275
1288
1300
1307
1308
1305
1301
1302
1307
1313
1315
1311
1305
1305
1316
1344
1381
1416
1440
1448
1440
1421
1398
1372
1345
1323
1307
1301
1300
1300
1298
1292
1284
1279
1278
1281
1283
1284
1282
1277
1270
1263
1259
1263
1274
1292
1309
1319
1317
1307
1294
1288
1293
1313
1342
1375
1402
1419
1423
1416
1404
1391
1378
1367
1355
1342
1327
1314
1304
1300
1301
1304
1308
1311
1309
1304
1297
1288
1282
1280
1284
1291
1299
1306
1310
1312
1311
1308
1304
1302
1308
1325
1352
1385
1415
1432
1431
1411
1379
1345
1314
1293
1279
1271
1267
1266
1269
1274
1280
1283
1281
1275
1266
1261
1257
1254
1250
1245
1243
1246
1253
1264
1274
1283
1290
1296
1299
1297
1290
1286
1292
1316
1357
1403
1438
1450
1439
1413
1384
1359
1338
1319
1298
1280
1267
1263
1266
1271
1275
1276
1275
1275
1273
1268
1259
1250
1244
1244
1251
1261
1271
1278
1281
1284
1287
1291
1292
1292
1292
1297
1312
1338
1370
1401
1422
1429
1421
1402
1376
1349
1325
1304
1290
1282
1278
1275
1274
1274
1276
1279
1284
1290
1295
1296
1294
1287
1276
1267
1261
1261
1269
1279
1289
1295
1296
1296
1299
1309
1326
1349
1375
1396
1407
1405
1387
1358
1325
1297
1280
1270
1268
1268
1269
1271
1276
1285
1293
1297
1296
1290
1281
1272
1265
1260
1259
1260
1266
1273
1281
1285
1285
1282
1281
1287
1306
1334
1366
1393
1408
1409
1395
1374
1348
1322
1300
1286
1279
1279
1281
1285
1284
1280
1274
1269
1267
1267
1269
1270
1268
1266
1264
1265
1268
1271
1274
1275
1272
1269
1267
1269
1278
1295
1319
1345
1368
1382
1385
1376
1359
1339
1320
1303
1289
1277
1270
1268
1270
1278
1285
1288
1285
1277
1269
1263
1259
1259
1258
1257
1257
1259
1264
1271
1277
1281
1280
1276
1273
1275
1284
1300
1318
1338
1355
1367
1373
1373
1368
1355
1339
1320
1301
1285
1274
1266
1262
1261
1263
1266
1270
1271
1270
1265
1259
1253
1252
1253
1256
1259
1262
1265
1267
1269
1273
1276
1278
1278
1275
1272
1269
1270
1277
1292
1313
1336
1356
1370
1373
1368
1353
1333
1311
1292
1281
1277
1279
1281
1279
1271
1261
1253
1251
1253
1256
1257
1255
1252
1252
1255
1258
1259
1253
1247
1244
1248
1259
1271
1278
1277
1267
1258
1254
1259
1270
1284
1298
1311
1327
1345
1360
1368
1364
1346
1320
1292
1270
1258
1254
1258
1264
1269
1271
1268
1263
1256
1252
1250
1251
1253
1253
1250
1246
1244
1247
1254
1264
1271
1272
1267
1259
1252
1251
1256
1264
1273
1281
1290
1303
1317
1329
1335
1332
1321
1304
1287
1273
1260
1251
1243
1239
1240
1243
1250
1255
1257
1255
1250
1246
1243
1242
1244
1247
1250
1254
1258
1261
1262
1261
1259
1257
1254
1252
1251
1255
1263
1277
1295
1313
1326
1332
1332
1326
1317
1304
1290
1274
1259
1249
1246
1249
1254
1258
1259
1258
1255
1251
1248
1245
1240
1237
1235
1236
1241
1247
1253
1257
1256
1254
1252
1254
1258
1263
1266
1264
1256
1250
1248
1257
1276
1302
1327
1343
1345
1335
1318
1300
1285
1273
1262
1252
1242
1236
1236
1242
1250
1255
1255
1250
1242
1238
1236
1235
1233
1229
1224
1221
1221
1227
1237
1250
1262
1273
1281
1282
1277
1269
1259
1251
1251
1258
1273
1290
1306
1317
1320
1317
1309
1297
1284
1271
1259
1251
1247
1246
1248
1250
1251
1251
1248
1245
1241
1236
1233
1231
1232
1234
1234
1233
1230
1228
1230
1234
1239
1243
1243
1242
1241
1242
1244
1249
1256
1267
1280
1294
1303
1304
1296
1283
1269
1259
1251
1246
1241
1236
1232
1232
1235
1240
1241
1238
1231
1225
1224
1228
1234
1237
1235
1231
1227
1230
1238
1248
1256
1257
1252
1246
1241
1239
1242
1247
1254
1262
1270
1278
1285
1288
1284
1272
1255
1238
1224
1220
1223
1230
1237
1241
1242
1240
1236
1235
1234
1233
1231
1229
1226
1223
1219
1219
1221
1226
1232
1237
1239
1238
1235
1235
1235
1237
1238
1240
1244
1250
1259
1270
1280
1286
1286
1281
1272
1260
1248
1239
1232
1227
1225
1226
1227
1229
1232
1235
1237
1238
1236
1231
1224
1218
1214
1215
1221
1229
1238
1244
1246
1245
1240
1238
1235
1233
1229
1223
1216
1214
1220
1237
1262
1286
1301
1301
1289
1271
1253
1241
1233
1226
1219
1213
1208
1207
1208
1210
1211
1213
1215
1221
1226
1229
1228
1220
1213
1209
1209
1214
1220
1222
1220
1214
1211
1211
1216
1224
1233
1241
1247
1248
1246
1244
1245
1252
1263
1277
1284
1280
1264
1241
1219
1204
1201
1206
1213
1217
1217
1214
1212
1214
1220
1226
1228
1220
1208
1196
1190
1193
1204
1218
1227
1229
1224
1218
1213
1212
1213
1216
1219
1223
1228
1237
1247
1257
1262
1261
1254
1245
1236
1230
1226
1221
1216
1210
1207
1208
1212
1219
1224
1225
1222
1217
1212
1209
1207
1206
1206
1207
1210
1216
1224
1230
1231
1230
1227
1223
1219
1218
1218
1221
1228
1236
1247
1257
1264
1266
1262
1254
1243
1230
1220
1213
1210
1209
1208
1207
1207
1207
1210
1213
1214
1213
1211
1209
1208
1209
1211
1213
1213
1212
1212
1212
1213
1215
1217
1218
1218
1216
1213
1212
1214
1222
1231
1242
1252
1257
1259
1259
1255
1248
1235
1221
1208
1201
1200
1202
1203
1199
1191
1186
1186
1192
1202
1208
1207
1199
1188
1182
1189
1198
1206
1210
1212
1213
1214
1214
1213
1211
1207
1205
1206
1211
1218
1224
1232
1240
1247
1253
1255
1252
1245
1235
1226
1217
1208
1201
1197
1197
1203
1211
1220
1222
1217
1206
1192
1181
1174
1173
1179
1188
1198
1205
1209
1206
1199
1190
1185
1189
1199
1212
1223
1225
1220
1211
1203
1202
1208
1218
1229
1235
1237
1236
1232
1229
1223
1216
1208
1201
1197
1197
1198
1199
1200
1199
1197
1195
1194
1195
1196
1194
1193
1189
1186
1184
1183
1184
1189
1195
1204
1213
1219
1218
1212
1204
1199
1202
1211
1223
1233
1236
1233
1226
1217
1207
1194
1181
1170
1164
1166
1177
1192
1205
1210
1207
1196
1184
1176
1175
1179
1183
1184
1178
1170
1165
1168
1178
1191
1202
1207
1203
1198
1193
1191
1194
1199
1205
1209
1210
1210
1211
1212
1212
1209
1203
1195
1188
1184
1185
1188
1191
1191
1190
1190
1192
1194
1196
1195
1192
1188
1186
1186
1187
1186
1184
1181
1180
1181
1184
1187
1189
1190
1191
1195
1202
1212
1222
1227
1226
1219
1208
1199
1193
1190
1187
1183
1175
1166
1159
1158
1164
1175
1186
1192
1192
1188
1183
1179
1180
1185
1191
1196
1199
1198
1195
1191
1188
1185
1181
1175
1167
1160
1156
1159
1168
1185
1202
1214
1219
1217
1213
1209
1206
1204
1200
1192
1183
1176
1173
1176
1181
1186
1189
1190
1189
1188
1188
1187
1187
1184
1183
1183
1184
1186
1188
1189
1189
1188
1186
1186
1187
1188
1189
1187
1184
1183
1184
1191
1202
1210
1213
1207
1196
1184
1175
1172
1172
1172
1173
1173
1175
1178
1181
1179
1174
1166
1160
1158
1162
1168
1173
1174
1173
1170
1169
1172
1178
1186
1191
1192
1187
1178
1170
1167
1170
1179
1192
0
0
0
0
0
0
0
0
0
0
0
0
0
0
0
0
0
0
0
0
0
0
0
0
0
0
0
0
0
0
0
0
0
0
0
0
0
0
0
0
0
0
0
0
0
0
0
0
0
0
0
0
0
0
0
0
0
0
0
0
0
0
0
0
0
0
0
0
0
0
0
0
0
0
0
0
0
0
0
0
0
0
0
0
0
0
0
0
0
0
0
0
0
0
0
0
0
0
0
